S101 Rahul 78 85 90 67 88
S102 Anjali 92 89 94 91 90
S103 Kiran 55 60 58 62 59
S104 Meena 45 50 48 52 49
S105 Arjun 88 84 79 91 86
S106 Pooja 73 76 70 68 72
S107 Suresh 65 67 63 69 66
S108 Kavya 95 96 94 92 93
S109 Rohit 58 55 60 57 59
S110 Neha 82 85 80 88 84
S111 Aman 49 52 48 50 47
S112 Divya 90 92 91 89 93
S113 Nikhil 62 64 61 66 63
S114 Sneha 74 78 72 76 75
S115 Varun 85 87 83 82 84
S116 Ritu 68 70 72 69 71
S117 Prakash 54 56 53 55 57
S118 Swathi 91 93 90 94 92
S119 Manoj 60 62 59 61 63
S120 Aishwarya 97 98 96 95 99
S121 Harsha 71 73 70 74 72
S122 Bhavya 86 88 85 84 87
S123 Sanjay 66 68 65 69 67
S124 Keerthi 89 87 90 88 86
S125 Lokesh 52 55 50 53 54
S126 Pallavi 93 94 92 95 91
S127 Ramesh 64 66 63 65 67
S128 Chaitra 79 81 78 80 82
S129 Deepak 57 59 56 58 60
S130 Anusha 84 86 83 85 82
S131 Vinay 69 71 68 70 72
S132 Shreya 96 97 95 98 94
S133 Naveen 61 63 60 62 64
S134 Lakshmi 88 90 87 89 91
S135 Abhishek 75 77 74 76 78
S136 Monika 92 93 91 90 94
S137 Karthik 67 69 66 68 70
S138 Radhika 85 88 86 84 87
S139 Sandeep 59 61 58 60 62
S140 Isha 94 95 93 96 92
